179 366
189 417
199 467
213 516
235 558
269 588
312 611
360 618
408 611
452 589
487 559
511 520
525 473
536 424
546 373
555 319
193 269
215 243
251 232
288 235
323 246
405 251
441 238
478 235
513 245
536 271
363 292
362 319
362 346
361 375
326 413
343 416
361 417
379 416
396 413
235 303
258 287
286 287
312 307
286 311
257 313
413 308
439 288
467 289
490 305
468 314
439 313
288 490
316 471
342 460
361 465
381 459
408 471
434 490
408 507
383 514
361 515
340 514
315 507
302 490
342 483
361 483
382 482
420 490
381 484
361 486
341 485
179.0, 366.0
189.0, 417.0
199.0, 467.0
213.0, 516.0
235.0, 558.0
269.0, 588.0
312.0, 611.0
360.0, 618.0
408.0, 611.0
452.0, 589.0
487.0, 559.0
511.0, 520.0
525.0, 473.0
536.0, 424.0
546.0, 373.0
555.0, 319.0
193.0, 269.0
215.0, 243.0
251.0, 232.0
288.0, 235.0
323.0, 246.0
405.0, 251.0
441.0, 238.0
478.0, 235.0
513.0, 245.0
536.0, 271.0
363.0, 292.0
362.0, 319.0
362.0, 346.0
361.0, 375.0
326.0, 413.0
343.0, 416.0
361.0, 417.0
379.0, 416.0
396.0, 413.0
235.0, 303.0
258.0, 287.0
286.0, 287.0
312.0, 307.0
286.0, 311.0
257.0, 313.0
413.0, 308.0
439.0, 288.0
467.0, 289.0
490.0, 305.0
468.0, 314.0
439.0, 313.0
288.0, 490.0
316.0, 471.0
342.0, 460.0
361.0, 465.0
381.0, 459.0
408.0, 471.0
434.0, 490.0
408.0, 507.0
383.0, 514.0
361.0, 515.0
340.0, 514.0
315.0, 507.0
302.0, 490.0
342.0, 483.0
361.0, 483.0
382.0, 482.0
420.0, 490.0
381.0, 484.0
361.0, 486.0
341.0, 485.0
179.0, 366.0
189.0, 417.0
199.0, 467.0
213.0, 516.0
235.0, 558.0
269.0, 588.0
312.0, 611.0
360.0, 618.0
408.0, 611.0
452.0, 589.0
487.0, 559.0
511.0, 520.0
525.0, 473.0
536.0, 424.0
546.0, 373.0
555.0, 319.0
193.0, 269.0
215.0, 243.0
251.0, 232.0
288.0, 235.0
323.0, 246.0
405.0, 251.0
441.0, 238.0
478.0, 235.0
513.0, 245.0
536.0, 271.0
363.0, 292.0
362.0, 319.0
362.0, 346.0
361.0, 375.0
326.0, 413.0
343.0, 416.0
361.0, 417.0
379.0, 416.0
396.0, 413.0
235.0, 303.0
258.0, 287.0
286.0, 287.0
312.0, 307.0
286.0, 311.0
257.0, 313.0
413.0, 308.0
439.0, 288.0
467.0, 289.0
490.0, 305.0
468.0, 314.0
439.0, 313.0
288.0, 490.0
316.0, 471.0
342.0, 460.0
361.0, 465.0
381.0, 459.0
408.0, 471.0
434.0, 490.0
408.0, 507.0
383.0, 514.0
361.0, 515.0
340.0, 514.0
315.0, 507.0
302.0, 490.0
342.0, 483.0
361.0, 483.0
382.0, 482.0
420.0, 490.0
381.0, 484.0
361.0, 486.0
341.0, 485.0
179.0, 366.0
189.0, 417.0
199.0, 467.0
213.0, 516.0
235.0, 558.0
269.0, 588.0
312.0, 611.0
360.0, 618.0
408.0, 611.0
452.0, 589.0
487.0, 559.0
511.0, 520.0
525.0, 473.0
536.0, 424.0
546.0, 373.0
555.0, 319.0
193.0, 269.0
215.0, 243.0
251.0, 232.0
288.0, 235.0
323.0, 246.0
405.0, 251.0
441.0, 238.0
478.0, 235.0
513.0, 245.0
536.0, 271.0
363.0, 292.0
362.0, 319.0
362.0, 346.0
361.0, 375.0
326.0, 413.0
343.0, 416.0
361.0, 417.0
379.0, 416.0
396.0, 413.0
235.0, 303.0
258.0, 287.0
286.0, 287.0
312.0, 307.0
286.0, 311.0
257.0, 313.0
413.0, 308.0
439.0, 288.0
467.0, 289.0
490.0, 305.0
468.0, 314.0
439.0, 313.0
288.0, 490.0
316.0, 471.0
342.0, 460.0
361.0, 465.0
381.0, 459.0
408.0, 471.0
434.0, 490.0
408.0, 507.0
383.0, 514.0
361.0, 515.0
340.0, 514.0
315.0, 507.0
302.0, 490.0
342.0, 483.0
361.0, 483.0
382.0, 482.0
420.0, 490.0
381.0, 484.0
361.0, 486.0
341.0, 485.0
